,’ ¹ 5⁶⁰. , 111111111111111 ,. , ¹

Ν 111111111111111111111111111111 1111111111,
, ’ 1111111111111111111.

- 11111111111111111111 11111 11 333 1111111111 .
. 111 1111111111 11 1111 11111111111Θ11111111
· 11111 11111111, 333 33 1111 333 1111111111 '3333 111
’ , 1111.111111111111111111111111111111111111111111,
’ ’1111 33 333333333 111111 111111 1111111111 333 1
, 111 §3333 1111111111, 1111 1111111111 111111, 111
33 Ι11111111111111111 3333333333333 33 333333333 111
111111 §33 §3333 333 1111111 §3333 333 3333333333333
&3333 1111111111, 333 333 33333333'3 11111111 111
33333333333333 3333 11111111 111, 33 333 1111111111

’ ’ 33 333333 1111111 Α ·

3· · ·
¹ 111111111111111111111111111 11111111 3
¹ ’ ’ 33 33

3 ss 333 3333 1111111111111111111111111111 ·
’Β111111111, 1111 111 1111111111 111111111111111 333 3
· · 1111111111111111,1111111111111111111111111111

= ι 11111111111111111111111111111111111111111111-1

’ '333333333 11111111 33 333 333333333 333333333333 111111 3
κ · §33 11111111 111 111111 1111111111 333 11111111,111111 3
, 1111 3333333333333 11111111111111111 333 111 3333 1111 '

, 1 . 333333333333 111111111111111111111111111111111111

,1111 111111 1111111 1111111111 111111 111111.

· 11111 6111111111 11111111 333 11111111 11111, 3333
111 6111111111) 1111111111 33333333 11111111.
· 6111111111) 1111111111 11111, 111111 1111111111
’ 11111 11111111111111111111111 3333333333 333 1111111
1111111111 33333333 11111111111111 11111111

 

